23.31
23.31
23.31
23.37
23.50
23.62
23.75
23.94
24.19
24.37
24.56
24.81
25.06
25.25
25.50
25.75
26.00
26.25
26.50
26.75
26.94
27.19
27.44
27.69
27.94
28.12
28.37
28.62
28.81
29.00
29.25
29.50
29.69
29.87
30.06
30.31
30.44
30.69
30.87
31.06
31.25
31.44
31.56
31.75
31.94
32.06
32.25
32.44
32.56
32.75
32.88
33.00
33.13
33.31
33.44
33.56
33.75
33.81
34.00
34.13
34.25
34.38
34.50
34.63
34.75
34.88
35.00
35.13
35.25
35.31
35.44
35.56
35.69
35.81
35.88
36.00
36.13
36.19
36.31
36.38
36.50
36.56
36.69
36.81
36.88
36.94
37.06
37.13
37.25
37.31
37.38
37.44
37.50
37.56
37.69
37.75
37.81
37.94
38.00
38.06
38.13
38.19
38.25
38.31
38.38
38.44
38.50
38.56
38.63
38.69
38.75
38.81
38.88
38.94
39.00
39.06
39.13
39.19
39.25
39.25
39.31
39.38
39.44
39.50
39.56
39.63
39.63
39.69
39.75
39.81
39.81
39.88
39.94
39.94
40.00
40.06
40.13
40.19
40.19
40.19
40.25
40.31
40.38
40.38
40.38
40.44
40.44
40.50
40.56
40.63
40.63
40.63
40.63
40.69
40.75
40.75
40.75
40.81
40.81
40.88
40.88
40.94
40.94
41.00
41.00
41.00
41.06
41.13
41.13
41.13
41.13
41.19
41.19
41.19
41.25
41.25
41.31
41.31
41.31
41.38
41.38
41.44
41.44
41.44
41.50
41.50
41.56
41.56
41.56
41.63
41.63
41.63
41.63
41.69
41.69
41.69
41.69
41.75
41.75
41.75
41.81
41.81
41.81
41.88
41.88
41.94
41.94
41.94
41.94
42.00
42.00
42.00
42.00
42.06
42.06
42.13
42.13
42.13
42.19
42.19
42.25
42.25
42.25
42.31
42.25
42.31
42.31
42.31
42.38
42.38
42.38
42.44
42.44
42.44
42.44
42.44
42.50
42.50
42.56
42.56
42.56
42.56
42.56
42.63
42.63
42.63
42.63
42.69
42.69
42.69
42.69
42.69
42.69
42.75
42.75
42.75
42.75
42.81
42.81
42.81
42.81
42.88
42.88
42.88
42.88
42.88
42.81
42.88
42.88
42.88
42.88
42.88
42.88
42.88
42.88
42.88
42.88
42.88
42.94
42.94
42.94
42.94
43.00
43.00
43.00
43.00
43.06
43.06
43.06
43.06
43.06
43.06
43.06
43.06
43.06
43.13
43.13
43.13
43.13
43.19
43.19
43.19
43.19
43.25
43.19
43.25
43.25
43.25
43.31
43.31
43.31
43.31
43.25
43.31
43.31
43.31
43.31
43.31
43.31
43.31
43.31
43.31
43.31
43.31
43.31
43.31
43.38
43.38
43.38
43.31
43.38
43.38
43.38
43.38
43.38
43.38
43.38
43.38
43.38
43.44
43.38
43.38
43.44
43.44
43.44
43.44
43.44
43.44
43.44
43.50
43.50
43.50
43.50
43.50
43.50
43.50
43.50
43.50
43.50
43.50
43.44
43.50
43.50
43.44
43.50
43.50
43.50
43.50
43.50
43.50
43.50
43.50
43.56
43.50
43.56
43.56
43.50
43.50
43.50
43.50
43.50
43.50
43.50
